38.16,29.67
28.69,29.77
30.94,32.22
33.34,34.34
35.17,34.88
33.92,34.86
34.93,35.29
35.71,36.65
37.01,36.69
36.88,37.01
37.58,36.88
36.64,36.23
35.06,31.89
29.04,34.82
33.18,34.46
32.13,30.64
33.43,34.39
34.08,33.82
34.17,37.15
37.86,37.73
33.37,30.33
30.17,31.41
35.41,35.86
36.17,35.71
35.19,34.91
33.30,35.97
35.27,35.48
36.35,37.03
37.80,37.49
37.42,37.48
37.38,37.16
37.33,36.64
37.09,36.51
35.72,34.89
38.09,38.61
37.99,37.64
36.29,36.15
35.75,36.05
35.70,34.94
34.95,35.57
35.79,35.48
34.56,34.83
35.16,33.64
31.89,31.21
33.98,34.00
33.58,34.57
35.68,34.75
36.26,35.95
31.50,27.01
27.70,29.32
30.50,31.92
32.70,33.80
30.18,29.73
30.00,30.42
30.45,31.08
31.54,32.01
32.17,32.33
32.38,32.32
32.64,32.32
31.60,31.15
30.56,29.28
30.33,27.24
32.58,31.89
32.90,31.09
30.12,30.11
30.20,30.01
29.96,29.11
29.47,30.14
30.06,30.01
28.51,29.47
30.33,30.53
31.22,31.57
30.66,30.02
29.06,30.95
33.47,33.97
32.41,31.81
32.13,32.47
32.86,33.48
33.59,33.59
33.35,32.65
32.46,32.43
32.31,31.92
30.95,29.70
32.34,32.14
31.46,31.04
30.78,31.29
31.42,31.43
30.98,31.08
31.11,30.97
29.62,30.04
29.97,29.28
30.82,31.19
30.82,30.26
30.46,30.80
29.31,30.52
32.28,31.30
34.92,33.21
29.61,32.17
33.31,34.32
35.11,33.88
30.70,31.61
32.22,32.60
32.95,32.58
33.69,33.52
33.78,34.64
34.31,34.25
34.45,33.91
33.85,33.87
32.79,29.61
31.31,33.60
34.72,33.68
34.24,33.63
33.72,33.58
33.16,32.66
33.85,34.72
34.74,34.85
34.63,34.09
35.94,35.23
33.21,33.69
34.48,34.15
33.40,32.23
32.95,35.98
34.31,33.12
34.22,34.40
34.73,34.50
34.73,34.58
34.89,35.27
34.57,34.47
31.75,35.98
31.45,33.58
33.35,33.19
33.61,34.60
33.50,33.20
32.79,32.64
32.53,32.00
31.51,31.66
32.47,31.83
30.35,31.18
31.36,30.07
30.32,32.58
32.04,31.03
31.29,32.20
32.48,33.14
33.20,35.02
32.38,31.27
27.22,28.87
29.35,30.69
32.20,28.71
28.25,28.89
29.71,29.27
29.91,30.15
30.51,30.84
31.50,31.64
31.86,31.84
32.64,32.05
32.07,31.59
29.66,27.22
32.72,30.84
30.95,30.35
29.33,29.47
30.06,30.31
29.13,29.03
30.51,31.01
31.76,31.81
31.74,31.52
31.75,32.05
32.17,30.12
29.27,29.53
28.85,27.82
27.22,28.78
31.03,32.47
31.21,30.69
30.78,30.67
30.94,30.72
30.60,30.09
30.10,29.99
32.70,32.64
32.95,32.58
31.60,30.23
29.54,29.29
29.69,32.26
32.31,32.37
32.26,31.94
32.00,32.79
32.51,30.73
30.24,30.02
29.81,30.16
31.09,31.11
30.53,29.56
29.85,30.17
30.68,30.65
30.86,32.11
30.00,30.00
30.00,30.00
30.00,30.00
30.00,30.00
30.00,30.00
30.00,30.00
30.00,30.00
30.00,30.00
30.00,30.00
30.00,30.00
30.00,31.48
31.52,31.24
30.00,30.00
30.00,31.40
31.80,31.45
30.00,30.00
30.00,30.00
31.73,31.84
31.87,31.79
30.86,31.23
31.40,31.26
31.84,32.06
31.97,31.38
31.48,32.10
32.27,32.32
31.43,32.79
32.00,33.65
33.61,33.86
31.38,30.56
30.76,30.65
31.38,31.32
30.89,31.30
32.36,32.73
32.81,33.07
33.01,32.53
31.69,31.09
30.00,30.00
30.00,30.23
31.09,31.09
31.52,31.76
32.93,31.05
30.00,30.00
30.00,30.00
30.35,30.62
30.00,30.00
30.00,30.00
30.00,31.00
30.22,31.64
33.33,33.33
33.33,33.33
33.33,33.33
33.33,33.33
33.33,33.33
33.33,33.33
33.33,33.33
33.33,33.33
33.33,33.33
33.33,33.33
33.33,36.00
35.64,35.22
34.07,33.33
33.33,34.29
36.17,33.33
36.13,35.47
34.33,33.33
33.33,34.44
33.54,33.33
33.33,33.33
33.33,33.33
33.33,33.33
33.33,33.33
33.33,33.33
33.33,33.33
33.51,33.33
33.33,33.41
35.00,35.40
35.51,35.98
37.00,37.21
37.23,34.99
34.57,34.34
34.53,33.41
33.33,35.07
35.08,34.92
34.59,33.33
34.04,34.24
33.54,33.76
34.00,33.33
33.33,33.33
33.33,33.62
33.33,33.76
33.39,33.33
33.33,33.33
33.33,33.33
33.33,33.51
33.77,33.33
34.66,34.05
30.70,27.90
26.59,28.41
29.53,30.06
30.97,30.00
32.21,32.38
29.97,30.59
30.37,30.90
31.00,31.34
31.77,31.93
32.23,32.43
32.58,32.08
31.90,31.84
30.80,27.82
26.59,26.59
28.97,29.62
28.85,29.49
28.96,29.02
28.51,28.36
30.74,30.79
30.96,30.57
30.41,30.27
30.65,31.05
31.43,28.85
28.74,28.72
27.91,29.50
28.95,31.19
31.63,30.25
29.80,30.07
30.26,30.86
30.74,31.28
31.41,31.00
30.79,30.67
30.10,30.19
28.03,28.14
29.80,29.91
29.82,28.65
27.40,27.27
27.19,27.28
27.46,26.97
26.93,26.59
27.00,26.84
26.81,28.73
28.52,27.83
26.59,26.59
26.59,26.59
26.59,27.14
27.96,27.73
28.03,27.48
30.38,31.74
26.60,28.22
29.48,31.05
32.24,30.48
28.89,29.22
29.55,29.90
29.94,30.01
30.87,31.44
32.22,31.64
32.03,32.10
31.86,31.87
32.01,32.02
34.13,31.83
28.65,30.41
30.78,31.62
30.31,31.91
31.55,31.21
30.78,30.36
30.87,30.41
30.45,30.36
29.55,30.15
30.13,30.62
30.77,30.40
30.41,29.82
28.57,28.44
27.58,30.11
32.39,30.62
30.40,30.96
31.25,31.18
31.25,30.53
30.85,30.93
30.66,30.01
32.76,32.59
32.40,32.74
32.55,32.17
31.27,30.90
32.87,32.12
31.77,32.04
31.90,31.63
31.71,31.91
31.80,30.33
29.59,29.20
29.22,30.37
30.35,31.28
30.51,29.69
29.72,30.36
30.95,31.60
32.33,32.00
29.64,27.33
26.91,24.69
25.93,27.09
27.44,28.40
28.89,27.96
28.10,28.97
29.02,29.31
29.61,30.50
30.71,30.80
30.93,31.13
31.22,30.55
30.38,30.37
29.95,27.82
24.70,30.48
29.33,30.33
29.10,27.75
29.60,30.99
30.95,30.97
31.18,31.00
30.38,30.18
30.91,31.51
31.14,31.36
31.36,30.72
30.23,30.29
30.11,30.12
29.47,30.62
30.58,31.59
31.87,31.38
31.11,31.19
29.63,29.70
32.18,31.31
30.79,30.31
30.44,30.20
30.02,30.18
29.92,29.96
30.92,29.93
29.26,30.62
31.68,31.67
31.30,30.85
30.33,30.02
30.51,30.24
29.10,29.48
28.88,27.88
28.91,29.51
29.79,29.24
29.24,30.68
31.71,31.49
31.00,31.30
28.49,24.79
25.87,27.94
29.06,28.76
27.25,27.78
29.01,29.38
29.20,28.95
28.89,28.70
28.83,28.73
28.76,28.65
28.59,28.56
28.68,28.66
28.54,28.40
28.05,27.15
24.79,29.88
28.48,25.33
29.03,28.67
28.50,28.75
28.05,28.53
28.37,28.32
28.11,27.97
28.64,28.17
28.43,28.46
27.83,28.06
28.70,29.18
28.11,27.62
27.14,29.03
27.74,29.10
29.13,29.03
28.91,28.61
28.51,28.50
28.81,28.55
28.47,28.43
28.28,28.54
27.95,27.93
27.54,27.00
29.61,28.78
27.97,27.61
27.68,28.11
28.30,28.52
28.20,28.65
28.77,28.46
27.44,27.24
27.07,26.22
25.36,25.70
25.63,26.27
26.50,27.19
28.74,26.88
25.53,26.76
29.08,30.68
29.76,27.10
28.74,29.67
30.71,29.84
27.23,27.78
28.13,28.24
28.46,29.34
29.26,29.74
29.80,29.88
29.60,29.23
28.89,28.84
28.92,28.24
27.10,27.10
27.85,30.55
30.16,28.37
29.59,29.17
28.82,28.79
28.34,28.77
28.73,28.45
28.69,28.43
29.63,30.75
29.30,28.67
29.09,28.90
28.96,28.49
28.42,27.91
27.10,28.82
30.32,29.60
29.36,29.90
29.40,29.48
29.39,29.20
28.99,29.06
28.67,28.60
28.67,28.59
28.10,27.66
27.82,28.30
29.72,29.11
28.09,27.71
27.35,27.70
27.28,27.60
27.71,27.89
28.17,27.91
27.51,28.01
27.55,27.10
27.10,27.10
27.10,27.10
27.10,27.66
28.45,29.56
28.50,27.87
29.93,27.39
26.48,28.34
30.38,31.52
32.21,31.65
31.17,29.48
30.21,31.00
30.70,31.45
31.29,31.31
31.29,31.25
31.15,31.11
31.18,30.80
30.57,30.40
29.77,30.37
31.50,28.94
33.33,30.75
29.83,28.92
31.26,30.53
29.54,29.04
28.93,29.75
30.74,31.08
31.54,31.17
31.16,30.69
30.75,29.39
28.76,29.02
29.34,28.96
28.35,30.69
29.92,30.47
30.42,30.77
31.48,31.46
31.50,31.43
31.17,30.08
30.24,29.78
31.32,31.28
30.76,30.23
29.32,30.50
31.45,30.25
29.40,29.06
28.88,29.56
29.38,29.47
29.28,30.04
30.64,30.35
29.60,29.68
29.86,29.24
28.96,29.09
28.25,27.36
26.56,26.84
27.74,29.33
31.19,31.82
32.81,26.74
27.26,28.74
30.66,32.51
32.47,28.91
30.00,30.27
30.67,31.58
31.66,31.80
31.64,32.66
32.36,33.03
33.19,33.01
32.86,32.60
32.86,32.69
31.36,28.89
26.89,27.17
34.19,31.69
32.48,30.11
32.47,32.09
31.77,32.56
32.54,32.21
31.59,30.77
30.51,30.91
30.34,30.13
30.20,29.89
30.15,30.42
30.65,30.55
30.35,32.24
33.23,33.12
33.33,33.08
33.05,33.20
32.78,32.82
32.15,32.90
32.94,32.79
32.69,32.37
32.59,32.27
31.91,33.34
32.45,30.61
31.69,34.03
33.26,32.87
32.82,32.57
32.61,33.10
33.09,31.28
30.08,33.00
33.50,32.62
32.56,32.23
31.94,31.66
32.93,31.99
32.65,31.60
31.79,33.27
28.61,24.83
25.20,26.63
28.20,28.53
26.73,26.45
27.27,27.78
27.82,27.72
27.54,27.50
27.63,27.64
27.51,27.49
27.49,27.41
27.55,27.49
27.45,27.15
26.68,24.86
29.49,27.90
26.49,27.20
27.04,27.62
27.15,27.18
26.83,26.57
26.78,26.49
26.76,25.86
26.39,25.81
26.07,26.30
26.06,25.56
25.22,25.19
24.83,24.83
25.76,27.94
27.28,28.23
27.69,27.72
27.57,27.23
27.14,27.14
26.44,26.08
25.81,25.28
25.15,26.46
27.76,27.81
27.26,27.34
26.76,27.27
27.33,27.30
26.81,26.93
27.38,27.09
27.19,27.10
27.38,27.49
26.76,26.87
26.88,25.66
24.83,25.82
25.25,24.83
24.83,24.92
25.81,26.53
26.12,27.43
28.98,27.07
28.22,29.43
27.64,28.03
29.33,30.03
30.39,28.43
27.78,28.14
28.38,28.64
28.62,28.53
29.02,29.24
28.88,29.60
29.65,29.74
29.61,28.80
27.29,27.07
27.44,29.72
30.27,28.62
28.20,29.21
28.76,28.87
28.44,28.25
29.39,30.56
29.70,29.79
29.53,28.51
28.71,28.40
28.58,28.66
28.84,28.67
27.68,27.50
27.07,28.05
30.57,29.34
29.30,29.14
29.08,29.33
29.39,29.11
29.52,29.27
29.34,29.40
29.35,29.12
28.94,28.52
27.65,28.53
29.77,28.41
27.39,27.22
27.07,27.07
27.46,27.17
27.42,27.67
28.00,28.00
27.07,27.07
27.07,27.07
27.07,28.53
28.00,27.07
27.07,27.49
28.65,28.47
29.21,29.76
33.55,29.57
24.48,22.60
22.35,22.33
22.21,22.22
22.30,22.25
22.29,22.34
22.36,22.16
22.19,22.06
22.01,21.99
22.02,22.02
22.01,22.05
22.03,22.06
22.02,21.99
30.40,32.47
30.97,32.06
30.87,32.47
33.06,33.02
32.75,32.65
32.39,32.43
32.48,32.14
32.00,31.92
32.48,32.59
32.67,32.26
32.52,32.80
32.21,31.85
30.73,33.17
32.71,32.96
33.04,32.69
32.37,33.11
33.77,33.31
33.12,32.92
32.45,32.25
32.08,32.65
32.10,32.24
32.53,34.12
33.65,32.69
31.34,31.31
31.37,31.36
31.53,31.58
31.84,32.18
33.24,33.12
32.88,33.21
33.76,33.35
33.24,33.29
33.50,32.72
33.15,33.47
34.10,32.41
32.48,33.20
28.47,26.53
24.56,21.66
21.32,20.87
21.04,21.15
21.15,21.21
21.27,21.23
21.25,21.24
21.20,21.14
21.11,21.14
21.10,21.13
21.07,21.11
21.10,21.22
21.25,21.21
27.11,28.39
29.41,33.98
32.96,32.05
31.50,32.68
32.63,31.66
31.02,33.17
32.63,32.55
32.60,31.60
31.76,31.69
31.33,31.33
31.73,31.97
32.31,33.02
33.45,32.83
32.19,33.11
33.63,33.65
31.35,31.49
32.10,32.36
33.07,32.81
32.87,32.95
32.39,32.70
31.85,31.38
31.34,31.10
34.03,32.90
32.83,32.75
32.54,32.42
32.28,32.20
32.08,32.10
32.07,32.22
31.40,31.81
30.36,29.27
29.32,29.73
29.29,28.60
28.55,28.84
29.74,30.37
32.56,32.00
30.14,24.06
24.20,20.48
20.22,20.09
19.95,19.97
20.00,19.96
20.07,20.07
20.16,20.15
20.21,20.15
20.08,20.07
20.13,20.07
20.18,20.19
20.20,20.11
19.97,20.07
26.21,30.25
28.95,27.06
32.30,30.88
30.32,28.84
29.15,30.24
30.20,29.47
28.58,28.49
28.11,27.18
27.90,29.59
30.04,29.64
29.58,30.39
30.32,30.22
30.41,31.73
30.58,31.57
30.95,29.77
30.20,30.33
29.97,30.85
31.10,31.11
31.37,30.89
30.58,30.41
29.98,30.51
29.84,28.48
31.80,31.05
30.76,30.73
30.44,29.77
28.54,28.16
28.13,28.72
28.77,28.48
28.34,28.60
28.38,28.35
27.49,27.35
28.89,27.65
28.43,28.96
29.54,29.48
29.87,29.49
29.34,25.12
24.01,21.20
20.34,20.24
20.08,20.03
20.05,20.11
20.00,20.07
20.09,20.12
20.16,20.08
20.14,20.17
20.17,20.12
20.07,20.09
20.09,20.12
20.06,20.03
22.98,28.85
29.59,30.44
30.33,27.90
28.25,29.80
28.92,29.56
30.69,30.06
30.00,29.52
29.43,29.12
28.74,28.54
28.68,28.72
28.97,28.82
28.86,28.99
28.69,30.15
31.89,30.95
31.72,31.76
32.14,31.43
31.43,31.47
31.18,31.14
31.26,30.58
31.34,31.25
31.13,30.81
30.27,30.37
29.44,29.17
26.28,28.64
28.40,28.13
27.92,27.02
26.97,27.99
30.92,31.30
30.68,30.65
30.71,30.62
30.04,30.20
29.36,28.83
28.83,29.55
29.85,29.57
27.94,29.76
29.41,25.18
20.47,19.15
19.14,18.85
18.73,18.72
18.75,18.74
18.76,18.76
18.80,18.85
18.79,18.85
18.81,18.80
18.89,18.95
18.85,18.93
18.83,18.80
18.90,18.78
22.42,28.85
28.44,29.03
27.40,27.93
28.33,27.50
26.91,28.70
28.91,28.79
28.98,28.74
28.96,28.95
29.30,29.73
30.00,27.94
27.00,27.35
26.83,26.73
26.45,28.06
29.70,29.44
29.42,29.90
29.74,29.85
29.80,29.81
29.79,29.29
29.33,28.93
29.09,28.82
28.97,29.01
28.74,27.80
29.25,28.98
27.64,28.95
29.70,29.83
29.55,29.21
29.41,29.70
29.55,29.76
29.68,29.62
29.46,29.18
28.27,28.24
28.70,28.97
29.18,30.10
29.84,28.73
28.46,29.83
25.06,23.36
19.72,17.90
17.61,17.61
17.65,17.66
17.71,17.69
17.64,17.66
17.68,17.66
17.71,17.70
17.77,17.75
17.78,17.80
17.76,17.75
17.75,17.68
17.73,17.67
19.39,25.67
25.75,27.37
25.73,24.36
25.80,27.10
26.71,26.96
26.61,26.13
26.87,26.34
25.93,26.78
26.94,27.39
27.65,27.42
27.33,27.67
27.64,27.55
27.10,27.29
27.56,28.12
28.14,27.80
26.87,27.03
26.81,26.71
26.80,26.49
26.81,26.73
26.74,25.81
26.10,25.87
25.02,26.94
28.02,27.57
26.05,26.12
26.11,26.61
26.72,26.18
26.71,26.56
27.02,26.81
26.45,26.20
26.37,25.87
24.78,24.58
25.16,25.50
25.90,26.94
28.05,26.42
26.73,27.97
28.52,21.66
18.53,18.08
17.81,17.76
17.74,17.84
17.69,17.78
17.78,17.68
17.65,17.72
17.70,17.74
17.85,17.80
17.84,17.89
17.91,17.81
17.86,17.75
17.67,17.72
21.57,27.23
26.31,26.97
26.73,25.81
25.26,24.85
25.63,26.97
27.06,26.88
27.12,27.01
27.13,26.51
26.85,26.53
26.51,26.82
26.90,26.50
25.68,25.37
24.29,26.88
28.34,27.39
26.43,26.72
26.80,26.32
26.33,26.43
26.57,25.89
25.39,25.65
28.50,27.85
27.33,27.54
27.14,26.74
26.04,25.96
25.69,27.05
27.10,27.12
27.45,27.27
27.27,27.83
27.05,25.37
24.68,24.46
24.40,26.16
25.87,26.19
25.81,25.35
25.51,26.21
26.33,26.51
26.54,27.97
33.27,27.55
21.60,21.45
21.24,21.06
21.05,21.10
21.13,21.09
21.10,21.11
21.22,21.21
21.24,21.18
21.11,21.12
21.01,21.13
21.10,21.12
21.05,21.12
21.15,21.22
27.45,31.33
34.80,32.42
32.27,33.30
32.95,33.13
32.61,33.96
34.38,33.67
33.13,33.22
33.05,33.39
33.72,33.42
32.34,32.39
33.31,33.33
33.10,32.42
30.72,33.13
34.37,32.45
32.30,32.75
32.56,32.86
32.65,31.91
33.06,33.00
32.52,32.20
31.66,31.56
31.22,30.73
30.59,30.23
32.02,30.91
29.92,29.70
29.38,29.86
29.54,29.80
29.64,29.92
29.42,29.83
29.34,29.66
29.35,31.86
31.23,31.34
30.84,31.14
31.01,31.61
31.86,32.08
33.88,34.79
32.78,27.03
22.46,21.96
21.59,21.22
21.17,21.30
21.30,21.32
21.21,21.25
21.28,21.27
21.28,21.32
21.27,21.29
21.15,21.11
21.11,21.11
21.11,21.11
21.26,21.31
28.78,32.01
31.70,32.54
32.85,32.77
32.08,31.59
30.72,31.63
33.89,34.01
33.45,32.99
33.21,33.03
33.07,33.44
33.68,33.16
33.42,32.95
32.37,32.54
31.94,32.00
33.44,34.46
34.14,32.88
32.04,31.73
31.92,32.09
32.56,32.34
32.50,32.10
31.45,31.74
32.10,31.07
32.06,33.04
31.80,30.91
30.61,33.14
33.23,33.09
32.96,33.29
32.98,33.28
33.10,32.89
32.63,32.45
32.59,32.42
32.45,32.51
31.30,30.94
31.59,32.76
32.98,32.51
34.20,32.96
29.98,21.78
20.87,19.36
19.40,19.14
19.11,18.89
18.89,18.97
18.89,18.97
18.92,18.93
18.98,19.04
19.04,19.05
18.99,19.00
18.97,18.95
19.02,18.97
19.00,19.02
22.59,25.90
30.72,29.23
27.65,26.06
26.65,28.94
28.39,28.03
28.68,28.73
28.92,28.67
28.83,28.70
29.13,29.57
29.48,29.15
29.03,29.13
28.38,28.01
27.12,29.19
30.93,29.34
29.63,29.62
29.36,29.48
29.84,29.22
29.75,29.47
28.85,28.54
27.86,27.66
27.53,28.90
30.16,29.58
29.16,28.63
27.19,29.73
30.37,29.00
27.63,27.63
27.83,27.56
28.41,27.81
27.55,27.53
27.24,27.00
26.71,26.49
26.88,28.14
28.49,28.91
30.08,29.40
30.61,30.75
31.51,23.42
20.69,20.15
19.99,19.83
19.83,19.80
20.00,19.64
19.71,19.74
19.73,19.80
19.75,19.78
19.78,19.83
19.81,19.82
19.88,19.84
19.88,19.81
19.78,19.86
27.42,28.40
30.40,30.56
28.41,28.64
28.04,27.64
27.06,29.43
28.56,27.88
28.15,27.52
27.01,26.69
27.36,27.35
27.78,27.77
27.93,28.78
28.50,28.39
28.38,30.48
28.39,27.49
27.85,27.92
27.60,27.53
28.10,28.13
27.88,27.89
28.44,28.22
30.27,30.91
31.19,31.10
30.36,29.65
29.07,28.56
30.25,29.69
29.30,29.52
29.30,29.32
29.69,29.76
30.33,30.09
29.71,30.45
30.65,30.21
29.32,28.88
28.63,28.02
27.57,27.47
27.77,29.29
29.88,29.29
31.62,25.79
21.94,20.74
20.47,20.13
20.06,19.99
19.96,20.06
20.19,20.67
20.77,20.57
20.45,20.36
20.26,20.32
20.30,20.26
20.00,20.01
20.05,20.07
20.08,20.33
24.60,27.36
30.87,31.78
30.60,30.44
32.44,32.29
31.74,31.35
31.17,30.91
30.48,30.22
29.79,28.77
28.96,28.94
28.36,30.87
31.57,31.57
31.92,31.70
32.19,32.55
32.08,30.69
30.86,30.22
30.49,31.38
31.76,31.45
31.26,31.63
31.97,31.83
31.65,31.49
30.86,30.29
29.05,28.77
27.33,29.72
30.07,30.07
29.52,29.34
28.77,28.64
28.56,28.55
28.52,28.21
27.98,28.46
28.54,28.55
28.82,29.65
29.75,29.83
30.65,31.44
32.96,32.29
31.25,31.82
30.55,24.32
20.85,20.29
20.02,20.07
19.92,19.97
19.98,20.00
19.96,20.00
20.01,19.98
19.96,20.00
20.03,20.11
20.05,20.02
20.02,20.04
19.93,19.96
20.11,20.31
25.68,28.00
28.86,29.57
28.44,31.37
29.69,28.97
29.91,29.09
30.28,30.27
30.78,30.15
29.61,29.47
29.78,29.90
30.29,30.68
30.81,30.41
30.08,29.44
28.90,31.04
31.34,31.40
32.36,32.50
30.77,30.52
30.98,30.40
29.74,29.05
28.46,28.10
30.45,30.83
30.23,30.67
29.62,29.05
28.85,29.92
30.42,30.14
29.43,29.27
28.74,28.66
28.99,29.07
29.18,28.92
28.27,28.61
28.14,27.20
27.18,29.94
29.82,28.88
29.34,30.10
30.99,31.05
31.95,31.72
29.44,23.03
23.76,21.35
19.27,18.96
18.93,18.92
18.89,18.96
19.03,18.99
19.05,19.31
19.33,19.25
19.12,18.96
19.01,18.99
19.07,19.04
19.01,19.06
19.09,18.92
21.82,29.59
29.30,27.05
25.18,23.05
24.75,26.87
28.88,29.34
29.70,29.91
29.72,30.03
29.88,29.73
29.86,30.23
29.99,29.22
29.08,28.41
28.66,27.63
27.02,28.86
30.06,29.26
30.16,30.69
30.63,31.12
30.75,30.65
28.99,28.16
30.91,31.10
30.45,29.91
29.70,29.22
29.71,30.20
31.33,30.20
29.09,28.90
28.51,28.11
28.17,27.98
27.69,27.82
27.74,27.78
27.49,27.27
26.91,25.44
26.43,26.71
26.90,26.43
26.35,26.92
26.81,27.07
27.39,27.57
32.39,24.71
24.58,22.72
21.63,21.49
21.51,21.56
21.55,21.56
21.44,21.46
21.43,21.09
21.11,21.11
21.14,21.11
21.14,21.18
21.18,21.17
21.12,21.09
21.25,21.37
26.57,31.93
34.10,31.25
29.10,30.51
31.92,31.83
30.74,30.50
30.32,30.44
30.31,29.60
29.97,29.80
29.77,30.41
30.21,30.05
30.15,30.46
29.52,28.58
26.99,28.73
30.89,32.49
33.67,32.37
31.86,31.69
32.26,32.29
32.32,32.27
32.02,31.74
32.29,31.97
31.60,31.86
31.04,32.33
31.88,31.44
30.51,30.17
29.13,29.60
29.82,30.24
29.67,30.13
30.22,29.89
29.56,29.29
29.30,30.44
29.89,29.91
29.33,28.40
28.52,29.23
30.41,30.84
31.14,30.76
32.18,26.28
28.81,24.11
23.01,22.68
22.72,22.49
22.57,22.22
22.03,22.09
22.07,22.17
22.22,22.38
22.45,22.39
22.80,22.84
22.78,22.61
22.61,22.60
22.62,22.60
28.29,32.65
35.47,33.04
30.67,30.22
33.06,34.05
34.19,34.65
34.52,34.43
34.98,34.52
33.90,34.15
33.88,33.98
33.05,33.59
33.79,33.85
33.38,32.65
31.97,34.10
35.06,34.26
34.18,33.61
32.88,32.33
32.18,32.05
31.56,32.14
32.24,31.97
32.08,33.07
32.67,32.09
31.87,31.87
30.90,32.56
31.91,31.11
30.84,31.00
31.09,31.07
31.12,30.95
31.12,31.00
30.38,30.67
29.98,31.03
30.77,31.03
30.63,29.56
29.26,30.21
31.04,30.49
31.90,33.55
31.06,28.80
22.00,21.28
20.83,20.46
20.22,20.22
20.34,20.32
20.33,20.07
20.00,20.10
20.19,20.18
20.13,20.14
20.08,20.67
20.48,20.59
20.63,20.57
20.35,20.35
24.65,27.62
31.83,29.42
27.45,29.99
30.66,30.54
29.07,29.01
28.97,28.53
27.96,28.44
28.99,28.60
28.78,29.09
29.29,29.63
29.01,28.63
28.14,27.34
26.38,28.75
31.27,32.22
30.95,31.65
31.25,29.76
29.57,29.63
30.18,30.17
29.90,29.38
29.67,29.83
30.81,30.14
29.96,29.85
29.75,29.45
30.11,30.49
29.95,30.25
30.17,29.47
29.61,29.90
30.87,30.28
29.61,30.06
29.88,29.28
28.60,28.27
26.84,25.87
25.66,25.71
27.98,31.06
32.26,31.81
25.87,24.30
23.35,20.30
19.52,19.24
19.44,19.07
19.23,19.18
19.02,19.10
19.10,19.09
19.17,19.10
19.17,19.19
18.89,18.72
18.83,19.04
18.94,18.99
18.98,18.95
21.69,29.99
28.85,27.23
24.81,22.77
24.87,27.31
27.58,28.15
28.31,27.73
27.78,27.80
28.67,28.66
28.76,28.97
28.36,27.94
28.05,27.98
27.29,26.52
25.88,27.97
29.24,28.81
29.11,29.20
29.44,28.88
28.54,28.40
28.60,28.49
28.30,28.04
28.17,28.12
27.83,27.84
27.67,27.60
27.48,27.46
26.51,25.86
25.54,27.37
28.32,28.72
28.37,28.48
28.75,28.60
28.58,28.89
29.28,28.91
28.77,29.28
29.26,28.43
28.71,27.53
27.69,29.05
30.42,30.49
27.74,21.63
18.70,18.33
18.21,18.09
18.12,18.09
18.12,17.98
17.88,17.87
17.74,17.76
17.73,17.78
17.85,17.81
17.80,17.81
17.97,17.95
17.89,17.88
17.95,18.23
23.25,24.71
25.80,29.10
27.53,26.70
26.55,25.37
26.96,27.26
27.20,26.58
27.31,26.90
26.94,26.08
25.86,25.29
25.06,26.77
28.03,27.90
28.36,29.26
28.50,27.94
27.44,27.58
27.74,27.77
27.14,26.49
26.16,26.22
26.48,26.46
26.32,26.26
26.69,26.49
26.59,26.34
26.19,26.16
27.12,26.89
27.03,26.99
26.54,26.05
25.54,25.49
25.91,25.39
25.32,25.41
24.73,25.17
25.77,26.27
27.25,27.36
27.86,27.12
27.51,26.14
27.18,27.57
28.11,27.94
25.71,20.57
18.40,16.98
16.69,16.52
16.56,16.57
16.65,16.67
16.70,16.53
16.69,16.61
16.67,16.64
16.69,16.61
16.64,16.59
16.65,16.61
16.62,16.55
16.54,16.52
18.98,17.86
25.53,25.43
24.05,24.87
25.38,24.75
24.80,26.46
26.54,25.51
25.11,25.14
25.30,25.45
25.91,25.37
25.36,25.12
25.35,25.43
25.46,24.52
23.95,25.73
26.73,25.86
25.46,25.76
25.25,24.83
24.72,24.48
24.26,24.13
24.17,24.05
24.40,24.45
24.33,24.63
24.46,23.69
24.08,22.50
22.95,24.91
25.28,25.64
25.94,25.52
24.91,24.56
24.79,24.82
24.29,24.08
24.40,24.19
23.70,23.89
23.41,22.84
23.19,23.57
24.31,25.28
26.47,26.35
23.80,19.23
16.51,15.65
15.61,15.70
15.80,15.61
15.74,15.56
15.47,15.41
15.43,15.46
15.52,15.78
15.71,15.50
15.67,15.62
15.61,15.58
15.45,15.42
15.61,15.54
20.67,22.88
23.67,23.25
23.98,23.06
24.35,24.44
24.01,24.31
24.43,24.04
23.89,23.70
23.75,24.08
24.23,24.27
24.24,24.06
24.09,24.07
23.63,23.35
23.10,24.77
25.23,24.14
24.08,23.93
23.35,22.83
22.80,22.82
22.90,22.92
22.56,22.59
22.72,22.80
23.04,22.62
22.68,22.66
22.46,22.50
23.56,23.60
23.26,23.54
24.18,24.02
24.14,24.23
24.33,24.10
23.64,23.57
23.53,22.94
22.28,22.04
21.31,22.60
23.07,23.73
24.68,23.90
24.82,25.00
24.05,17.77
16.80,15.88
15.73,15.52
15.22,15.40
15.48,15.45
15.59,15.56
15.48,15.58
15.58,15.58
15.51,15.58
15.54,15.58
15.50,15.54
15.47,15.40
15.38,15.30
20.09,23.47
22.23,23.62
22.46,21.96
21.92,23.46
23.78,23.86
24.16,24.19
24.35,24.19
23.88,23.72
23.59,23.54
23.81,23.68
23.27,23.31
23.23,22.68
22.14,23.67
24.28,23.36
23.54,23.84
24.21,23.46
22.79,22.60
23.54,24.14
23.61,23.06
22.84,22.68
22.28,22.68
24.36,23.27
22.96,22.67
22.87,23.27
23.31,23.56
23.54,22.79
22.35,22.39
23.15,22.67
22.68,22.37
22.64,22.30
22.94,23.11
22.87,22.30
22.25,22.86
23.75,23.81
24.93,24.96
24.97,23.71
18.96,18.11
17.74,17.62
17.55,17.67
17.74,17.66
17.57,17.57
17.61,17.69
17.65,17.72
17.78,17.87
17.65,17.69
17.60,17.60
17.55,17.55
17.58,17.71
22.81,23.82
28.99,27.01
26.12,26.26
26.78,26.62
26.23,25.04
25.17,25.73
26.45,26.69
26.94,26.65
26.49,27.14
27.06,27.08
27.14,26.92
26.25,25.74
24.98,26.99
28.54,27.94
26.54,26.65
26.17,25.71
25.86,25.79
25.96,25.91
25.86,25.75
26.07,26.02
26.02,25.57
26.35,26.34
25.89,25.74
26.47,26.71
27.03,27.38
27.14,27.45
27.32,27.69
27.33,26.66
26.24,25.73
25.90,26.96
27.35,27.78
27.45,26.64
26.50,26.82
26.19,27.49
27.50,26.41
25.09,20.13
17.74,15.97
15.70,15.77
15.87,15.87
15.88,15.51
15.57,15.60
15.56,15.70
15.82,15.86
15.65,15.70
15.63,15.65
15.74,15.65
15.62,15.61
15.64,15.54
19.49,23.47
23.62,23.02
23.57,23.44
23.43,23.64
23.25,23.10
23.37,23.44
23.56,19.62
22.37,24.50
24.00,23.69
23.68,23.75
23.62,23.23
23.10,22.75
22.54,24.40
24.77,23.75
23.52,23.63
22.32,21.51
21.38,21.43
21.39,21.35
21.31,21.26
21.37,21.42
21.42,21.41
21.32,21.34
21.19,21.11
21.14,23.61
24.23,23.76
23.88,23.75
23.70,23.67
23.66,23.74
23.46,23.48
23.47,23.18
23.10,23.49
23.35,22.63
22.74,23.14
23.66,24.34
23.31,24.06
25.99,19.77
17.58,17.24
16.92,16.84
16.77,16.81
16.87,16.68
16.67,16.99
16.92,16.85
16.87,16.97
16.98,16.98
16.93,16.82
16.83,16.75
16.86,16.74
16.76,16.87
21.66,24.69
24.38,24.06
24.96,25.22
25.66,25.30
24.75,24.31
24.17,23.75
23.36,23.45
23.87,25.32
25.34,25.81
25.58,25.11
25.06,25.10
24.97,25.01
24.89,25.34
25.51,24.58
25.82,25.47
23.58,22.62
22.77,22.53
22.72,22.67
23.08,23.54
23.37,23.34
23.23,23.07
23.12,23.04
23.47,23.63
24.32,25.12
25.38,24.90
24.86,25.08
25.18,25.18
25.45,24.89
25.24,25.31
25.55,25.07
24.42,24.76
24.41,23.69
23.30,23.21
24.01,25.24
25.21,25.95
25.95,22.23
17.77,17.52
17.49,17.12
17.09,17.17
17.12,17.03
16.67,16.91
16.86,16.91
16.98,17.12
17.05,17.17
17.15,17.09
17.03,17.12
16.94,16.95
17.08,17.11
20.99,24.72
25.60,24.96
24.19,23.44
25.38,24.65
23.56,22.58
21.73,21.88
23.58,23.85
23.66,23.75
23.94,23.92
24.25,23.79
24.00,24.46
24.50,24.51
24.57,26.09
25.95,25.28
25.60,25.87
25.20,24.10
23.89,23.71
23.29,23.06
23.45,23.46
23.34,23.00
23.32,23.35
23.67,23.48
23.28,23.07
23.35,23.39
25.22,25.30
24.94,24.54
24.51,23.98
24.85,24.71
23.99,23.81
23.98,23.45
22.99,22.77
22.62,22.24
22.61,23.52
24.33,25.58
25.54,18.84
27.14,23.92
24.08,22.72
20.69,20.44
20.42,20.29
20.20,19.89
19.91,19.89
19.97,20.08
20.21,20.00
19.98,20.03
20.00,19.99
20.00,19.95
20.16,20.25
20.48,20.50
27.37,28.97
28.85,29.15
28.39,27.47
26.88,26.56
26.08,28.31
29.04,28.90
29.15,29.71
30.02,30.31
30.29,30.32
30.16,30.16
29.85,29.77
29.42,28.60
28.70,31.07
31.07,30.09
29.50,29.71
28.39,27.65
27.47,27.54
27.08,27.00
27.04,26.83
26.91,26.97
26.88,26.87
27.01,26.93
27.02,26.94
28.46,29.22
29.39,29.64
29.46,29.39
28.89,29.19
29.47,28.95
28.33,28.18
27.85,27.13
28.19,28.41
27.78,27.18
27.16,27.86
29.29,28.99
29.62,29.51
28.97,24.41
21.33,19.63
19.27,19.03
18.95,18.99
18.99,19.13
19.08,19.07
18.99,18.90
18.94,18.95
18.68,18.78
18.94,18.89
18.85,18.68
18.68,18.68
18.74,18.78
22.37,28.69
27.63,27.67
28.02,27.50
27.37,27.44
27.46,28.62
28.98,28.56
28.28,28.18
28.35,28.09
28.28,28.09
27.79,28.34
28.23,28.14
27.86,27.24
26.91,29.05
29.68,27.99
27.89,27.97
26.74,26.13
25.74,25.31
25.48,25.36
25.60,25.46
25.64,26.13
25.80,25.81
25.19,24.96
26.53,25.76
25.20,25.31
25.32,25.47
25.32,24.78
25.15,24.84
25.53,25.15
24.37,23.73
23.41,23.05
22.47,22.15
21.56,21.95
22.18,18.68
27.63,27.35
27.95,27.85
25.56,21.54
18.83,17.32
17.01,16.79
16.73,16.76
16.76,16.88
16.84,16.83
16.76,16.68
16.72,16.73
16.49,16.57
16.72,16.67
16.64,19.60
21.23,21.13
19.46,18.89
21.50,22.16
22.02,21.65
21.97,21.70
21.95,22.54
22.26,22.53
23.44,23.93
23.97,24.10
23.93,23.76
24.25,24.45
24.62,24.41
23.92,24.39
24.53,22.95
21.22,22.96
24.75,24.39
24.16,24.47
24.75,23.96
23.10,22.87
22.81,22.91
22.74,22.90
22.84,22.74
22.62,22.58
23.38,22.78
22.70,22.73
23.46,23.55
23.37,23.48
23.53,23.44
23.08,23.27
23.69,23.17
22.53,22.42
22.32,23.06
23.06,22.87
22.68,22.27
22.15,22.51
23.09,24.61
25.16,25.55
27.34,22.67
18.36,17.82
17.91,17.97
17.86,17.93
17.85,17.72
17.72,17.80
17.70,17.67
17.81,17.84
17.78,17.69
17.64,17.64
17.90,17.78
17.62,17.89
18.11,17.74
23.12,25.21
24.31,23.85
24.30,23.02
24.30,25.77
25.09,26.19
26.67,26.50
26.85,27.03
27.26,26.58
26.42,26.31
26.18,26.47
26.35,26.56
25.88,25.20
24.39,26.30
26.57,26.50
27.18,26.69
26.16,24.75
24.10,24.16
24.06,24.02
24.09,24.42
24.62,24.40
24.53,24.38
24.28,24.15
24.21,24.48
25.71,26.19
26.14,26.40
26.39,26.14
26.20,26.41
26.71,26.41
25.71,26.21
26.22,25.88
25.14,25.04
24.27,24.95
24.31,25.13
25.32,25.73
27.05,26.87
29.47,23.28
20.06,19.46
19.15,19.14
18.88,18.64
18.59,18.58
18.83,18.95
18.89,19.06
19.00,18.84
18.80,18.89
18.77,18.65
18.81,18.59
18.58,18.65
18.68,18.69
22.79,28.36
27.69,26.60
28.40,27.20
27.80,29.17
27.99,28.33
28.16,27.99
27.49,27.56
27.54,27.58
27.84,28.21
28.53,28.16
27.82,28.11
27.69,27.21
26.51,28.25
29.76,28.62
27.44,28.02
26.50,25.98
25.34,25.28
25.22,25.30
25.35,25.29
25.48,25.51
25.44,25.61
25.65,25.42
25.47,25.39
27.22,27.67
27.56,27.79
28.15,28.03
27.80,28.29
28.19,27.93
27.69,27.61
27.72,27.10
26.99,26.61
25.90,26.36
25.83,26.11
26.72,26.80
26.83,27.26
28.29,24.38
23.14,20.96
19.59,19.18
18.90,19.02
18.97,18.84
18.89,18.76
18.93,18.91
19.00,18.99
18.91,18.96
18.84,18.78
18.73,18.78
18.81,18.96
18.92,18.94
23.25,28.91
27.97,27.17
28.51,27.41
27.69,27.56
26.81,27.05
27.97,27.96
27.83,27.90
28.28,28.24
28.22,28.21
28.50,28.18
28.06,28.22
27.79,27.39
27.10,29.15
29.09,29.38
28.61,28.32
26.79,26.28
26.20,26.28
26.15,26.29
26.35,25.74
25.74,26.75
26.14,25.94
26.02,25.73
25.76,25.79
25.89,25.89
27.65,27.70
27.92,27.72
27.92,28.12
28.72,29.12
28.86,28.59
28.57,28.05
27.32,26.99
26.61,25.63
25.10,25.29
25.95,26.91
27.08,27.03
29.75,27.46
22.79,20.97
20.59,20.41
20.29,20.35
20.19,20.17
20.18,20.18
19.98,19.86
19.95,19.92
20.00,20.05
19.90,19.76
19.93,19.92
19.93,19.88
20.43,20.35
24.90,29.68
29.88,29.18
29.30,30.07
29.57,28.99
28.14,29.00
28.05,28.68
28.44,28.42
28.56,28.62
28.39,27.88
28.51,28.90
28.81,28.96
28.74,27.03
26.50,28.00
28.62,30.02
28.13,28.25
28.04,28.49
28.71,28.39
27.96,28.02
27.77,27.13
27.02,27.23
28.03,28.43
28.04,27.45
27.40,27.32
28.10,28.39
28.18,27.56
27.32,27.87
27.63,29.32
31.21,31.06
30.49,30.39
30.15,29.81
29.55,29.51
29.35,29.47
29.05,28.89
28.70,29.40
30.18,31.66
34.13,27.01
23.90,23.12
22.77,22.61
22.60,22.60
22.56,22.51
22.67,22.66
22.63,22.42
22.22,22.12
22.11,22.12
22.55,22.45
22.33,22.66
22.32,22.29
22.70,23.06
28.70,29.56
31.90,32.21
30.58,32.74
33.02,32.50
33.18,31.74
31.67,33.20
32.61,32.08
31.81,31.97
31.98,31.93
31.89,32.61
33.57,34.31
34.57,33.77
32.96,33.38
32.45,32.00
32.42,32.41
33.03,31.67
30.79,30.54
30.49,30.70
30.57,30.41
30.34,30.21
30.11,30.29
30.08,30.06
30.11,29.96
31.41,33.43
33.21,33.24
33.46,32.80
33.08,32.87
32.54,31.88
30.48,30.04
31.75,30.76
30.04,30.14
30.30,29.65
29.45,31.04
30.58,32.07
30.99,32.25
27.08,22.93
20.73,18.80
18.59,18.02
18.00,17.69
17.80,17.76
17.78,17.67
17.77,17.81
17.70,17.78
17.78,17.76
17.79,17.82
17.73,17.76
17.79,17.70
18.08,18.09
23.16,25.11
27.66,26.13
25.33,24.53
26.52,26.09
25.63,25.71
25.38,25.80
25.84,26.16
26.03,25.85
25.97,26.14
26.06,25.99
26.02,25.68
25.48,24.81
24.47,26.23
27.65,27.66
26.43,26.39
25.03,24.11
24.15,24.23
24.19,24.36
24.59,24.45
24.32,24.20
23.91,23.99
24.08,24.04
24.29,24.16
25.24,26.10
26.20,26.07
26.29,26.25
26.23,26.07
26.09,26.19
25.98,26.32
26.22,25.91
25.34,25.43
25.31,24.47
24.69,25.76
26.85,27.39
27.04,27.01
26.51,21.59
18.16,17.85
18.10,17.58
17.63,17.63
17.61,17.71
17.73,17.78
17.75,17.55
17.64,17.75
17.67,17.68
17.52,17.57
17.52,17.73
17.56,17.52
17.54,17.90
23.01,25.01
27.40,26.52
26.05,26.56
26.64,26.28
25.82,25.77
25.79,25.80
26.19,26.18
26.23,26.19
25.81,26.28
26.35,26.20
26.10,25.99
25.80,25.39
24.70,26.49
28.18,26.79
26.48,26.18
24.58,24.28
23.98,23.87
23.94,23.92
23.88,24.07
24.05,24.00
23.97,23.97
24.11,23.97
23.94,23.82
24.11,24.26
24.03,24.08
23.05,22.69
22.74,22.57
22.81,22.59
22.49,24.50
24.23,23.15
22.89,22.87
22.48,21.76
21.69,22.08
23.53,24.98
25.87,26.77
25.70,20.72
18.47,17.13
16.90,16.89
16.80,16.76
16.63,16.67
16.68,16.62
16.48,16.60
16.70,16.80
16.72,16.82
16.83,16.67
16.67,16.56
16.48,16.61
16.71,17.05
20.18,23.07
23.06,23.16
23.07,23.10
23.53,23.34
22.96,23.13
23.13,21.99
23.66,23.75
22.93,23.40
23.35,23.38
23.24,22.97
23.15,22.91
23.00,22.92
22.59,23.77
23.94,23.12
22.79,23.07
22.31,22.21
22.04,22.23
22.21,22.10
22.14,21.85
22.05,22.30
22.17,22.15
22.14,21.77
21.82,22.30
22.63,22.85
22.82,23.29
23.29,23.07
23.01,23.25
23.32,22.90
22.68,23.22
23.18,22.83
23.59,23.69
23.21,22.85
23.01,23.96
24.83,24.05
23.74,23.59
28.08,22.75
20.36,20.62
20.43,20.45
20.31,20.00
20.02,20.05
20.13,20.31
20.31,19.96
20.02,20.00
19.89,19.72
19.92,19.95
19.94,19.91
19.86,19.72
19.93,20.65
24.25,26.82
26.10,24.35
24.90,26.17
27.88,28.78
29.05,28.85
28.16,27.66
27.71,27.75
27.66,27.55
27.62,27.40
27.36,27.30
27.32,27.24
27.26,27.11
27.69,28.17
27.90,27.11
26.72,27.07
26.41,25.89
25.93,27.10
27.60,27.46
28.17,26.74
26.61,26.59
25.94,25.88
26.26,26.19
25.91,26.72
26.98,27.18
27.86,27.87
27.71,27.11
27.84,27.80
27.58,27.34
27.33,27.33
27.39,27.27
27.28,27.35
27.07,27.31
28.40,27.37
27.93,28.91
28.24,27.80
27.73,23.19
20.92,19.88
20.48,20.33
20.07,20.09
20.00,20.05
20.12,20.13
19.97,20.14
20.13,20.21
20.50,20.32
20.22,20.22
20.17,20.22
19.88,19.88
19.92,20.06
24.51,24.88
29.70,27.60
26.88,26.51
26.76,28.92
27.61,27.27
27.02,27.82
27.53,27.55
27.41,27.31
27.25,27.29
27.30,27.58
27.54,27.90
27.80,27.76
27.83,27.92
27.61,27.61
27.57,27.30
26.46,26.15
26.15,26.06
26.24,26.19
26.42,26.38
26.40,26.39
26.38,26.43
26.36,26.23
26.12,26.20
27.15,27.74
27.49,27.36
27.42,27.46
27.42,27.57
27.93,27.82
27.61,27.93
27.65,27.64
27.47,27.47
27.21,27.47
27.19,27.91
28.60,28.54
27.45,27.77
24.61,20.65
18.40,18.66
18.28,18.01
18.06,17.97
17.88,17.68
17.78,17.71
17.69,17.71
17.63,17.72
17.83,17.80
17.82,17.69
17.49,17.49
17.61,17.66
17.59,17.80
21.88,23.88
24.29,24.15
24.08,24.48
24.24,24.00
24.06,24.68
24.79,24.66
24.54,24.61
24.50,24.41
24.89,24.98
24.96,24.76
24.65,24.69
24.92,24.54
24.75,25.36
24.59,24.73
24.56,24.53
23.41,23.39
23.43,23.44
23.44,23.40
23.35,23.23
23.32,23.31
23.31,23.27
23.31,23.20
23.19,23.12
23.73,24.03
24.80,24.84
24.47,24.37
24.37,24.36
24.42,24.73
24.48,25.03
24.90,24.18
23.70,23.99
23.94,23.72
23.73,23.73
24.84,25.85
26.50,25.81
24.53,19.76
18.64,18.19
17.99,17.94
17.81,17.86
17.62,17.63
17.63,17.74
17.78,17.63
17.66,17.72
17.79,17.76
17.75,17.45
17.58,17.45
17.45,17.74
17.72,17.72
21.43,24.23
24.54,24.00
24.39,24.57
24.43,24.37
24.42,24.53
24.74,24.25
24.53,24.50
24.74,24.69
24.72,24.83
24.75,24.68
24.32,24.61
24.55,24.38
24.56,25.42
24.40,24.64
24.57,24.44
23.78,23.83
23.49,23.61
23.64,23.61
23.42,23.43
23.64,23.52
23.46,23.44
23.42,23.23
23.25,23.20
23.66,25.20
24.89,24.95
24.62,24.56
24.38,24.41
24.66,24.47
24.31,24.43
24.39,24.19
23.98,24.09
24.02,24.82
24.92,25.64
26.17,25.30
25.17,24.60
26.45,21.96
19.56,19.00
19.20,19.19
18.89,18.86
18.90,18.71
18.64,18.63
18.70,18.87
19.13,19.23
18.94,18.89
18.96,18.93
18.64,18.87
18.78,18.81
18.65,19.18
23.28,25.33
26.29,25.41
26.32,26.34
26.46,26.20
26.31,26.40
26.00,25.80
26.15,25.90
26.19,26.42
26.57,26.54
26.29,26.25
26.07,25.92
25.96,26.22
26.60,27.36
26.58,26.17
25.88,26.03
25.36,25.18
25.04,24.96
24.96,25.08
24.88,24.78
24.76,24.78
24.64,24.53
25.21,25.09
25.14,24.87
25.57,26.49
26.21,26.20
26.22,26.00
25.94,25.86
26.02,26.32
25.97,26.00
26.12,25.90
25.78,25.88
26.22,25.15
26.17,26.63
22.10,21.57
22.00,21.38
21.57,21.76
20.41,20.52
18.72,18.10
17.91,17.75
17.66,17.75
17.83,17.71
17.68,17.87
18.19,18.35
18.06,18.11
17.78,17.77
17.63,17.84
17.63,17.63
17.63,17.68
21.35,24.74
24.85,24.18
24.92,24.51
24.33,24.53
24.31,24.13
24.35,24.16
24.36,24.40
24.74,24.66
24.84,24.78
24.95,24.80
24.71,24.39
24.08,23.92
23.72,26.13
26.30,24.91
24.30,24.42
23.86,23.78
23.66,23.47
23.54,23.38
23.09,23.04
23.31,23.18
23.09,23.21
23.15,23.55
23.76,23.53
24.20,25.01
24.78,24.90
24.70,24.73
24.73,24.83
24.55,24.30
24.32,24.54
24.33,24.27
23.96,25.11
25.01,24.95
24.97,24.57
24.81,25.89
25.16,25.16
26.72,21.82
19.86,19.47
18.89,18.94
18.99,18.99
18.90,19.04
19.00,19.05
18.98,18.95
18.99,18.89
18.80,19.07
19.16,19.13
18.93,18.90
18.80,19.17
19.42,19.35
23.41,26.02
26.46,25.81
26.23,25.90
26.08,26.33
26.08,25.93
25.73,26.58
26.43,26.39
25.96,25.89
25.86,25.79
25.74,26.04
25.99,26.09
26.42,26.06
26.17,26.88
26.58,26.23
26.19,26.03
25.58,25.25
24.70,24.69
24.71,24.62
24.60,24.69
24.67,19.25
28.36,26.11
24.99,24.78
24.74,24.67
25.46,25.74
25.24,25.77
25.97,25.94
26.10,25.63
26.31,28.28
27.46,26.87
26.23,25.95
26.05,25.94
25.35,26.56
26.58,26.16
26.41,27.56
26.78,26.78